40.13
41.56
44.82
43.30
44.89
40.77
32.43
36.45
40.90
51.71
41.65
43.75
32.03
39.36
40.84
49.32
51.70
36.38
44.73
28.39
41.82
37.64
40.51
29.44
45.06
39.90
35.02
46.64
41.33
41.24
38.26
42.02
48.92
40.55
40.60
42.22
42.80
42.56
37.55
33.07
45.58
42.10
43.36
48.36
36.46
42.21
36.03
36.70
40.80
39.80
44.83
40.51
39.12
33.49
45.98
43.86
36.63
38.99
48.89
31.90
34.83
36.18
36.81
36.57
39.75
38.46
38.45
47.09
34.88
42.31
34.00
39.55
36.83
38.59
42.21
49.34
38.25
29.99
30.88
43.62
45.73
42.89
37.54
38.82
35.76
44.42
31.98
35.71
42.62
42.93
37.95
34.99
36.31
38.93
47.35
39.49
41.67
30.12
36.68
40.14
