30.69
47.23
40.66
50.79
58.53
48.14
28.01
40.93
49.06
65.26
48.90
28.94
42.98
39.21
33.65
63.21
36.70
12.59
39.08
48.08
39.04
30.01
69.28
70.87
33.42
55.65
52.26
45.48
61.47
54.26
33.82
42.82
54.14
36.74
50.48
45.52
34.61
50.17
76.01
34.51
28.28
51.54
63.22
40.46
45.94
37.96
12.65
52.07
29.47
57.62
41.98
64.03
43.98
53.98
58.96
26.71
52.63
53.25
53.60
14.37
63.43
65.08
38.36
27.28
25.91
42.77
57.51
52.04
17.73
42.84
58.47
42.37
51.14
52.33
57.07
35.58
67.52
46.05
10.67
31.04
55.81
63.76
28.38
42.35
19.05
40.98
42.55
41.51
39.12
68.93
41.64
53.04
34.32
46.28
61.61
40.74
51.35
56.95
58.83
30.80
