42.34
100.00
100.00
0.00
0.00
44.84
53.44
100.00
48.00
62.02
78.36
100.00
61.56
33.82
100.00
0.00
0.00
41.71
74.46
48.46
79.83
79.97
100.00
72.43
100.00
46.79
76.69
0.00
59.70
73.70
38.78
59.30
79.62
0.00
58.26
100.00
35.77
0.00
48.47
100.00
52.86
100.00
39.75
65.49
54.12
68.53
73.16
74.92
40.99
59.06
58.46
35.94
69.59
68.46
33.85
100.00
65.99
34.13
43.86
79.01
100.00
100.00
69.73
67.98
58.84
63.65
100.00
0.00
100.00
100.00
53.13
63.27
60.75
47.93
73.65
56.18
54.81
55.60
54.46
30.43
100.00
61.38
58.57
77.55
71.40
0.00
63.31
47.65
33.27
59.62
59.98
0.00
65.16
52.58
41.78
100.00
31.37
100.00
100.00
67.94
