58.06
57.43
62.85
60.35
63.99
54.50
62.03
61.39
57.13
55.49
55.77
53.42
50.02
49.15
50.32
47.08
54.73
63.94
57.45
59.38
53.46
56.53
54.33
58.10
59.77
62.14
50.88
54.47
54.11
49.21
50.82
60.37
49.38
63.67
62.35
58.51
55.60
61.11
54.16
56.54
48.90
49.52
58.87
55.06
51.57
54.86
52.52
56.69
53.80
55.55
51.77
52.63
50.58
50.09
58.99
50.47
54.35
58.47
59.29
55.11
56.62
51.35
51.05
44.72
51.45
57.82
51.29
55.53
66.40
50.09
44.68
50.84
58.32
50.09
53.40
61.27
57.85
54.56
49.34
51.57
58.56
54.99
56.01
49.71
64.90
51.55
55.09
59.14
54.41
59.12
57.41
50.42
53.36
52.33
53.55
57.12
53.88
52.18
58.71
58.68
